﻿opentime,Deal,Symbol,Type,Direction,Volume,Price,Order,Commission,Fee,Swap,Profit,Balance,Comment,
2023.02.17 16:36:22,53138005,,balance,,,,,0.00,0.00,0.00,100 000.00,100 000.00,User with ID aa3c48d4-a325-47b3,
2023.02.24 18:03:45,53434631,EURGBP,buy,in,2.49, 0.88257,69257202,0.00,0.00,0.00,0.00,100 000.00,,
2023.02.24 18:19:23,53437857,GBPJPY,buy,in,0.99, 162.866,69260442,0.00,0.00,0.00,0.00,100 000.00,,
2023.02.24 18:23:11,53438365,EURGBP,sell,out,2.49, 0.88300,69260950,0.00,0.00,0.00, 127.89,100 127.89,[tp 0.88299],
2023.02.24 18:38:51,53441762,USDCAD,buy,in,0.22, 1.36234,69264383,0.00,0.00,0.00,0.00,100 127.89,,
2023.02.24 19:03:19,53444683,GBPJPY,sell,out,0.99, 163.029,69267348,0.00,0.00,0.00, 118.28,100 246.17,[tp 163.025],
2023.02.24 21:38:44,53459369,EURUSD,buy,in,16.7, 1.05512,69282178,0.00,0.00,0.00,0.00,100 246.17,,
2023.02.24 21:41:53,53459420,EURUSD,sell,out,16.7, 1.05478,69282232,0.00,0.00,0.00,- 567.80,99 678.37,,
2023.02.24 21:46:18,53459570,USDCAD,buy,in,8.87, 1.36087,69282385,0.00,0.00,0.00,0.00,99 678.37,,
2023.02.24 21:48:51,53459695,USDCAD,sell,out,9.09, 1.36042,69282509,0.00,0.00,0.00,- 324.45,99 353.92,[sl 1.36045],
2023.02.28 19:19:02,53620239,USDMXN,buy,in,1.14, 18.35735,69445945,0.00,0.00,0.00,0.00,99 353.92,,
2023.02.28 19:29:37,53621186,EURUSD,sell,in,1.53, 1.06010,69446900,0.00,0.00,0.00,0.00,99 353.92,,
2023.02.28 19:44:43,53622540,USDCAD,buy,in,0.76, 1.36171,69448289,0.00,0.00,0.00,0.00,99 353.92,,
2023.02.28 19:51:29,53623353,USDCHF,sell,in,0.52, 0.93728,69449096,0.00,0.00,0.00,0.00,99 353.92,,
2023.02.28 19:54:34,53623524,EURUSD,buy,out,1.53, 1.06080,69449268,0.00,0.00,0.00,- 107.10,99 246.82,[sl 1.06075],
2023.02.28 19:56:40,53623633,EURGBP,buy,in,0.91, 0.87655,69449371,0.00,0.00,0.00,0.00,99 246.82,,
2023.02.28 20:04:36,53623890,GBPUSD,sell,in,0.5, 1.20932,69449676,0.00,0.00,0.00,0.00,99 246.82,,
2023.02.28 20:14:07,53625480,EURMXN,buy,in,0.13, 19.44803,69451285,0.00,0.00,0.00,0.00,99 246.82,,
2023.02.28 20:22:56,53626536,EURUSD,sell,in,0.4, 1.05884,69452340,0.00,0.00,0.00,0.00,99 246.82,,
2023.02.28 20:27:40,53626675,USDCHF,buy,out,0.52, 0.93899,69452483,0.00,0.00,0.00,- 94.70,99 152.12,[sl 0.93898],
2023.02.28 20:38:53,53628764,GBPUSD,buy,out,0.5, 1.20722,69454612,0.00,0.00,0.00, 105.00,99 257.12,[tp 1.20722],
2023.02.28 20:50:35,53631003,USDMXN,sell,out,1.14, 18.31988,69456873,0.00,0.00,0.00,- 233.17,99 023.95,,
2023.02.28 20:52:26,53631355,USDMXN,sell,in,0.83, 18.32014,69457229,0.00,0.00,0.00,0.00,99 023.95,,
2023.02.28 20:54:51,53631650,USDMXN,buy,in/out,1, 18.34538,69457530,0.00,0.00,0.00,- 114.19,98 909.76,,
2023.02.28 21:05:24,53632406,EURGBP,sell,out,0.91, 0.87799,69458326,0.00,0.00,0.00, 158.10,99 067.86,[tp 0.87799],
2023.02.28 21:07:27,53632636,EURNOK,buy,in,0.07, 10.97010,69458556,0.00,0.00,0.00,0.00,99 067.86,,
2023.02.28 21:16:37,53633320,EURMXN,sell,out,0.13, 19.39985,69459272,0.00,0.00,0.00,- 34.15,99 033.71,,
2023.02.28 21:18:39,53633649,EURMXN,sell,in,0.44, 19.39512,69459603,0.00,0.00,0.00,0.00,99 033.71,,
2023.02.28 21:38:11,53636831,EURMXN,sell,in,0.44, 19.40136,69462832,0.00,0.00,0.00,0.00,99 033.71,,
2023.02.28 21:38:19,53636852,EURMXN,sell,in,0.88, 19.40162,69462854,0.00,0.00,0.00,0.00,99 033.71,,
2023.02.28 21:39:30,53636952,EURMXN,sell,in,1.76, 19.40207,69462954,0.00,0.00,0.00,0.00,99 033.71,,
2023.02.28 21:41:02,53636998,USDCAD,sell,out,0.76, 1.36251,69463005,0.00,0.00,0.00, 44.62,99 078.33,[tp 1.36247],
2023.02.28 21:41:12,53637021,EURMXN,sell,in,3.52, 19.39947,69463030,0.00,0.00,0.00,0.00,99 078.33,,
2023.02.28 21:58:06,53638188,EURUSD,buy,out,0.4, 1.05844,69464220,0.00,0.00,0.00, 16.00,99 094.33,[tp 1.05844],
2023.02.28 22:24:55,53639498,EURMXN,sell,in,7.04, 19.38362,69465629,0.00,0.00,0.00,0.00,99 094.33,,
2023.02.28 22:25:15,53639508,EURMXN,buy,out,14.08, 19.40642,69465640,0.00,0.00,0.00,-1 114.17,97 980.16,,
2023.02.28 22:26:36,53639545,USDMXN,sell,out,0.17, 18.31512,69465680,0.00,0.00,0.00,- 28.09,97 952.07,,
2023.02.28 22:29:10,53639650,EURGBP,buy,in,1.1, 0.87842,69465792,0.00,0.00,0.00,0.00,97 952.07,,
2023.02.28 22:32:45,53639732,USDMXN,buy,in,4.51, 18.34749,69465894,0.00,0.00,0.00,0.00,97 952.07,,
2023.02.28 22:40:46,53640033,USDCAD,buy,in,2.4, 1.36418,69466213,0.00,0.00,0.00,0.00,97 952.07,,
2023.02.28 22:57:26,53640426,USDMXN,sell,out,4.51, 18.28944,69466631,0.00,0.00,0.00,-1 431.46,96 520.61,[sl 18.29000],
2023.02.28 23:26:07,53641104,GBPJPY,sell,in,0.96, 163.792,69467378,0.00,0.00,0.00,0.00,96 520.61,,
2023.02.28 23:30:06,53641133,USDCAD,buy,in,1, 1.36477,69467414,0.00,0.00,0.00,0.00,96 520.61,,
2023.02.28 23:30:36,53641136,USDCAD,buy,in,4, 1.36479,69467417,0.00,0.00,0.00,0.00,96 520.61,,
2023.02.28 23:31:03,53641139,USDCAD,sell,out,2, 1.36457,69467421,0.00,0.00,0.00,- 2.85,96 517.76,,
2023.03.01 00:03:04,53641409,GBPJPY,buy,out,0.96, 163.704,69467751,0.00,0.00,- 15.05, 62.06,96 564.77,[tp 163.710],
2023.03.01 02:00:00,53642297,EURNOK,sell,out,0.07, 10.97965,69468596,0.00,0.00,- 0.73, 6.43,96 570.47,[tp 10.97880],
2023.03.01 05:23:46,53644625,USDCAD,sell,out,5.4, 1.36249,69471477,0.00,0.00,- 8.50,- 832.09,95 729.88,[sl 1.36251],
2023.03.01 18:38:43,53696703,EURNOK,buy,in,0.62, 11.10565,69525717,0.00,0.00,0.00,0.00,95 729.88,,
2023.03.01 18:43:57,53696954,EURCHF,buy,in,0.72, 1.00198,69525975,0.00,0.00,0.00,0.00,95 729.88,,
2023.03.01 18:49:23,53697315,GBPJPY,buy,in,0.35, 163.530,69526347,0.00,0.00,0.00,0.00,95 729.88,,
2023.03.01 18:57:37,53697617,EURMXN,sell,in,0.15, 19.30549,69526665,0.00,0.00,0.00,0.00,95 729.88,,
2023.03.01 19:05:23,53697880,GBPUSD,buy,in,0.41, 1.20366,69526949,0.00,0.00,0.00,0.00,95 729.88,,
2023.03.01 19:10:11,53698095,EURUSD,buy,in,3.73, 1.06783,69527176,0.00,0.00,0.00,0.00,95 729.88,,
2023.03.01 19:11:32,53698247,EURUSD,sell,out,3.73, 1.06743,69527331,0.00,0.00,0.00,- 149.20,95 580.68,[sl 1.06744],
2023.03.01 19:14:29,53698402,USDMXN,sell,in,0.16, 18.07587,69527486,0.00,0.00,0.00,0.00,95 580.68,,
2023.03.01 19:15:29,53698457,GBPUSD,sell,out,0.41, 1.20287,69527544,0.00,0.00,0.00,- 32.39,95 548.29,[sl 1.20289],
2023.03.01 19:16:04,53698487,EURNOK,sell,out,0.62, 11.08042,69527580,0.00,0.00,0.00,- 150.48,95 397.81,,
2023.03.01 19:21:11,53698645,USDCAD,buy,in,1.7, 1.36010,69527759,0.00,0.00,0.00,0.00,95 397.81,,
2023.03.01 19:52:29,53699576,USDMXN,buy,out,0.16, 18.13653,69528775,0.00,0.00,0.00,- 53.51,95 344.30,,
2023.03.01 19:53:07,53699603,EURMXN,buy,out,0.15, 19.35066,69528801,0.00,0.00,0.00,- 37.41,95 306.89,,
2023.03.01 19:53:23,53699617,USDCAD,sell,out,1.7, 1.35981,69528815,0.00,0.00,0.00,- 36.26,95 270.63,,
2023.03.01 19:53:47,53699626,GBPJPY,sell,out,0.35, 163.446,69528824,0.00,0.00,0.00,- 21.63,95 249.00,,
2023.03.01 19:55:27,53699653,EURUSD,buy,in,0.78, 1.06695,69528851,0.00,0.00,0.00,0.00,95 249.00,,
2023.03.01 20:02:14,53699919,EURUSD,sell,out,0.78, 1.06616,69529134,0.00,0.00,0.00,- 61.62,95 187.38,,
2023.03.01 20:06:52,53700102,USDCHF,buy,in,1.28, 0.94022,69529318,0.00,0.00,0.00,0.00,95 187.38,,
2023.03.01 20:32:44,53700758,USDCHF,sell,out,1.28, 0.94046,69530010,0.00,0.00,0.00, 32.66,95 220.04,[tp 0.94045],
2023.03.02 00:03:55,53706756,EURCHF,sell,out,0.72, 1.00060,69536354,0.00,0.00, 1.62,- 105.78,95 115.88,[sl 1.00075],
2023.03.02 18:07:24,53747972,GBPJPY,buy,in,1.86, 163.423,69580521,0.00,0.00,0.00,0.00,95 115.88,,
2023.03.02 20:25:54,53756662,GBPJPY,sell,out,1.86, 163.289,69589584,0.00,0.00,0.00,- 182.02,94 933.86,,
2023.03.03 15:06:19,53786866,EURGBP,sell,out,1.1, 0.88513,69622019,0.00,0.00,- 21.49, 884.80,95 797.17,,
